mouse move,512,216406125,525676,1,(1169, 706),0,0,
mouse move,512,216406234,525676,1,(1165, 710),0,0,
mouse move,512,216406250,525676,1,(1164, 713),0,0,
mouse move,512,216406265,525676,1,(1164, 714),0,0,
mouse move,512,216406281,525676,1,(1163, 717),0,0,
mouse move,512,216406296,525676,1,(1163, 718),0,0,
mouse move,512,216406312,525676,1,(1162, 719),0,0,
mouse move,512,216406328,525676,1,(1162, 720),0,0,
mouse move,512,216406343,525676,1,(1162, 724),0,0,
mouse move,512,216406375,65994,2,(1162, 728),0,0,
mouse move,512,216406390,65994,2,(1161, 732),0,0,
mouse move,512,216406406,65994,2,(1161, 734),0,0,
mouse move,512,216406421,65994,2,(1161, 736),0,0,
mouse move,512,216406437,65994,2,(1160, 740),0,0,
mouse move,512,216406453,65994,2,(1159, 742),0,0,
mouse move,512,216406468,65994,2,(1159, 743),0,0,
mouse move,512,216406484,65994,2,(1159, 744),0,0,
mouse move,512,216406515,65994,2,(1159, 744),0,0,
mouse move,512,216406531,65994,2,(1159, 745),0,0,
mouse move,512,216406578,65994,2,(1159, 746),0,0,
mouse right down,516,216409796,65994,2,(1159, 746),0,0,
mouse right up,517,216409859,65994,2,(1159, 746),0,0,
mouse move,512,216410343,65994,2,(1159, 746),0,0,
mouse move,512,216410359,525982,3,(1159, 745),0,0,
mouse move,512,216410390,525982,3,(1160, 744),0,0,
mouse move,512,216410406,525982,3,(1162, 742),0,0,
mouse move,512,216410421,525982,3,(1163, 741),0,0,
mouse move,512,216410437,525982,3,(1165, 739),0,0,
mouse move,512,216410453,525982,3,(1167, 738),0,0,
mouse move,512,216410468,525982,3,(1167, 737),0,0,
mouse move,512,216410484,525982,3,(1168, 737),0,0,
mouse left down,513,216410859,525982,3,(1168, 737),0,0,
mouse left up,514,216411015,525982,3,(1168, 737),0,0,
mouse move,512,216426015,65984,4,(1108, 653),0,0,
mouse move,512,216426062,65984,4,(1110, 659),0,0,
mouse move,512,216426078,65984,4,(1111, 663),0,0,
mouse move,512,216426093,65984,4,(1111, 668),0,0,
mouse move,512,216426109,65984,4,(1112, 676),0,0,
mouse move,512,216426125,65984,4,(1113, 683),0,0,
mouse move,512,216426140,65984,4,(1115, 690),0,0,
mouse move,512,216426156,65984,4,(1117, 700),0,0,
mouse move,512,216426171,65984,4,(1118, 703),0,0,
mouse move,512,216426187,65984,4,(1118, 704),0,0,
mouse move,512,216426265,65984,4,(1118, 705),0,0,
mouse move,512,216426281,65984,4,(1118, 706),0,0,
mouse move,512,216426312,65984,4,(1118, 707),0,0,
mouse move,512,216426328,65984,4,(1118, 707),0,0,
mouse move,512,216426343,65984,4,(1118, 708),0,0,
mouse move,512,216426375,65984,4,(1117, 709),0,0,
mouse move,512,216426390,65984,4,(1116, 709),0,0,
mouse move,512,216426406,65984,4,(1115, 710),0,0,
mouse move,512,216426421,65984,4,(1114, 710),0,0,
mouse move,512,216426437,65984,4,(1109, 710),0,0,
mouse move,512,216426453,65984,4,(1108, 710),0,0,
mouse move,512,216426453,65984,4,(1107, 710),0,0,
mouse move,512,216426468,65984,4,(1106, 710),0,0,
mouse move,512,216426484,65984,4,(1106, 710),0,0,
mouse move,512,216426500,65984,4,(1105, 710),0,0,
mouse move,512,216426515,65984,4,(1105, 710),0,0,
mouse right down,516,216426812,65984,4,(1105, 710),0,0,
mouse right up,517,216426937,65984,4,(1105, 710),0,0,
mouse move,512,216427281,460974,3,(1105, 707),0,0,
mouse move,512,216427296,460974,3,(1106, 704),0,0,
mouse move,512,216427343,460974,3,(1112, 696),0,0,
mouse move,512,216427359,460974,3,(1112, 694),0,0,
mouse move,512,216427375,460974,3,(1113, 693),0,0,
mouse move,512,216427390,460974,3,(1114, 693),0,0,
mouse move,512,216427578,460974,3,(1114, 692),0,0,
mouse move,512,216429390,460974,3,(1114, 692),0,0,
mouse move,512,216429390,460974,3,(1114, 693),0,0,
mouse move,512,216429437,460974,3,(1114, 692),0,0,
mouse left down,513,216429453,460974,3,(1114, 692),0,0,
mouse left up,514,216429593,460974,3,(1114, 692),0,0,
